  1.0840971e+000
  1.1321501e+000
  1.1551056e+000
  1.1552859e+000
  1.1379883e+000
  1.1087290e+000
  1.0724725e+000
  1.0335021e+000
  9.9543049e-001
  9.6116796e-001
  9.3276543e-001
  9.1111903e-001
  8.9561934e-001
  8.8397097e-001
  8.7259215e-001
  8.5803531e-001
  8.3905844e-001
  8.1756066e-001
  7.9722771e-001
  7.8060350e-001
  7.6681865e-001
  7.5275998e-001
  7.3608171e-001
  7.1641923e-001
  6.9495534e-001
  6.7383594e-001
  6.5591441e-001
  6.4474966e-001
  6.4466842e-001
  6.6063301e-001
  6.9757227e-001
  7.5876480e-001
  8.4232292e-001
  9.3382433e-001
  1.0026373e+000
  1.0238559e+000
  9.9950659e-001
  9.4496854e-001
  8.7369984e-001
  7.9504078e-001
  7.1558261e-001
  6.3966281e-001
  5.6961483e-001
  5.0632693e-001
  4.4985973e-001
  3.9988648e-001
  3.5593084e-001
  3.1748189e-001
  2.8408715e-001
  2.5551912e-001
  2.3213828e-001
  2.1573474e-001
  2.1151948e-001
  2.3153779e-001
  2.9302294e-001
  3.9767461e-001
  5.1807384e-001
  6.2092081e-001
  6.8055928e-001
  6.9052236e-001
  6.6861046e-001
  6.3554255e-001
  6.0464737e-001
  5.8393673e-001
  5.7882777e-001
  5.9303774e-001
  6.2798190e-001
  6.8168601e-001
  7.4874340e-001
  8.2204369e-001
  8.9515769e-001
  9.6380535e-001
  1.0260696e+000
  1.0819102e+000
  1.1322998e+000
  1.1780374e+000
  1.2189310e+000
  1.2542110e+000
  1.2835457e+000
  1.3072745e+000
  1.3258261e+000
  1.3392736e+000
  1.3473789e+000
  1.3499312e+000
  1.3471505e+000
  1.3400084e+000
  1.3304176e+000
  1.3212971e+000
  1.3164502e+000
  1.3198984e+000
  1.3334440e+000
  1.3495516e+000
  1.3437245e+000
  1.2996899e+000
  1.2398290e+000
  1.1963179e+000
  1.1873847e+000
  1.2107910e+000
  1.2460183e+000
  1.2712451e+000
  1.2762227e+000
  1.2604371e+000
  1.2274020e+000
  1.1814235e+000
  1.1264440e+000
  1.0657594e+000
  1.0020216e+000
  9.3732679e-001
  8.7334782e-001
  8.1154204e-001
  7.5353559e-001
  7.0194137e-001
  6.6199856e-001
  6.4319878e-001
  6.5616492e-001
  7.0382614e-001
  7.7755577e-001
  8.6049995e-001
  9.3663074e-001
  9.9759094e-001
  1.0410603e+000
  1.0687533e+000
  1.0850527e+000
  1.0957701e+000
  1.1071999e+000
  1.1251342e+000
  1.1533334e+000
  1.1910636e+000
  1.2300321e+000
  1.2540585e+000
  1.2469581e+000
  1.2037232e+000
  1.1314299e+000
  1.0415480e+000
  9.4421281e-001
  8.4674987e-001
  7.5391765e-001
  6.6840201e-001
  5.9137319e-001
  5.2306258e-001
  4.6322375e-001
  4.1141830e-001
  3.6716059e-001
  3.2997063e-001
  2.9936295e-001
  2.7477225e-001
  2.5540621e-001
  2.4005298e-001
  2.2700027e-001
  2.1441752e-001
  2.0154867e-001
  1.9031227e-001
  1.8557097e-001
  1.9271702e-001
  2.1231499e-001
  2.3551600e-001
  2.5029068e-001
  2.5293651e-001
  2.4793301e-001
  2.4121929e-001
  2.3759692e-001
  2.4131325e-001
  2.5716601e-001
  2.9119643e-001
  3.5008517e-001
  4.3790607e-001
  5.5079988e-001
  6.7513500e-001
  7.9362860e-001
  8.9363993e-001
  9.7025951e-001
  1.0251008e+000
  1.0646399e+000
  1.0986851e+000
  1.1366719e+000
  1.1809051e+000
  1.2193943e+000
  1.2311088e+000
  1.2071407e+000
  1.1566388e+000
  1.0939406e+000
  1.0294993e+000
  9.6831001e-001
  9.1080642e-001
  8.5423715e-001
  7.9473513e-001
  7.3020776e-001
  6.6258476e-001
  5.9736673e-001
  5.4152064e-001
  5.0317711e-001
  4.9401997e-001
  5.2996602e-001
  6.1829190e-001
  7.3619874e-001
  8.4539546e-001
  9.2446675e-001
  9.7055079e-001
  9.8838945e-001
  9.8421977e-001
  9.6381472e-001
  9.3206184e-001
  8.9297627e-001
  8.4980602e-001
  8.0512740e-001
  7.6089264e-001
  7.1841443e-001
  6.7831210e-001
  6.4053227e-001
  6.0465715e-001
  5.7064764e-001
  5.3972571e-001
  5.1463439e-001
  4.9846587e-001
  4.9199156e-001
  4.9215619e-001
  4.9426383e-001
  4.9509166e-001
  4.9374612e-001
  4.9109158e-001
  4.8921627e-001
  4.9130819e-001
  5.0181940e-001
  5.2656514e-001
  5.7205862e-001
  6.4325593e-001
  7.3917689e-001
  8.4537806e-001
  9.3096842e-001
  9.7163000e-001
  9.7011146e-001
  9.4147169e-001
  8.9661006e-001
  8.3966230e-001
  7.7276020e-001
  7.0147042e-001
  6.3495990e-001
  5.8266204e-001
  5.5346064e-001
  5.5575272e-001
  5.9433000e-001
  6.6562170e-001
  7.5780807e-001
  8.5623539e-001
  9.4757408e-001
  1.0211267e+000
  1.0703628e+000
  1.0943899e+000
  1.0972252e+000
  1.0860682e+000
  1.0707528e+000
  1.0642938e+000
  1.0806958e+000
  1.1236486e+000
  1.1721771e+000
  1.1958987e+000
  1.1900028e+000
  1.1698565e+000
  1.1515016e+000
  1.1454063e+000
  1.1559503e+000
  1.1815753e+000
  1.2159907e+000
  1.2510630e+000
  1.2799797e+000
  1.2988358e+000
  1.3064292e+000
  1.3032392e+000
  1.2904745e+000
  1.2695935e+000
  1.2423423e+000
  1.2110601e+000
  1.1787823e+000
  1.1486425e+000
  1.1227209e+000
  1.1014068e+000
  1.0838449e+000
  1.0688182e+000
  1.0554133e+000
  1.0433958e+000
  1.0334493e+000
  1.0274026e+000
  1.0284505e+000
  1.0411375e+000
  1.0703545e+000
  1.1170516e+000
  1.1666056e+000
  1.1892629e+000
  1.1823001e+000
  1.1703457e+000
  1.1721640e+000
  1.1927992e+000
  1.2263235e+000
  1.2597983e+000
  1.2801731e+000
  1.2817523e+000
  1.2671198e+000
  1.2438022e+000
  1.2217272e+000
  1.2112853e+000
  1.2200708e+000
  1.2472500e+000
  1.2758436e+000
  1.2756947e+000
  1.2325523e+000
  1.1606550e+000
  1.0812766e+000
  1.0092823e+000
  9.5263207e-001
  9.1329332e-001
  8.8610273e-001
  8.5812262e-001
  8.1509403e-001
  7.5575539e-001
  6.9295831e-001
  6.3904436e-001
  5.9969201e-001
  5.7438135e-001
  5.5748270e-001
  5.4092335e-001
  5.1832845e-001
  4.8792763e-001
  4.5203101e-001
  4.1439226e-001
  3.7824146e-001
  3.4576756e-001
  3.1835607e-001
  2.9698102e-001
  2.8253651e-001
  2.7604163e-001
  2.7862789e-001
  2.9118073e-001
  3.1369977e-001
  3.4490549e-001
  3.8260881e-001
  4.2454517e-001
  4.6896965e-001
  5.1473872e-001
  5.6100422e-001
  6.0669902e-001
  6.4992092e-001
  6.8727060e-001
  7.1326461e-001
  7.2049874e-001
  7.0287932e-001
  6.6358649e-001
  6.1734983e-001
  5.7795788e-001
  5.4921306e-001
  5.2620004e-001