  3.1684026e-001
  3.0650827e-001
  2.9392208e-001
  2.8247973e-001
  2.7318457e-001
  2.6503669e-001
  2.5576884e-001
  2.4378389e-001
  2.3052474e-001
  2.2108847e-001
  2.2395296e-001
  2.5217642e-001
  3.2110576e-001
  4.3372492e-001
  5.6963978e-001
  7.0244813e-001
  8.1836659e-001
  9.1567011e-001
  9.9773903e-001
  1.0675132e+000
  1.1230500e+000
  1.1547227e+000
  1.1495974e+000
  1.1040509e+000
  1.0285501e+000
  9.3850266e-001
  8.4591801e-001
  7.5781603e-001
  6.7754437e-001
  6.0619480e-001
  5.4350844e-001
  4.8840805e-001
  4.3941325e-001
  3.9515319e-001
  3.5505543e-001
  3.2010463e-001
  2.9364366e-001
  2.8288371e-001
  3.0158659e-001
  3.6814294e-001
  4.8600723e-001
  6.2635014e-001
  7.5277629e-001
  8.4730854e-001
  9.0772602e-001
  9.3834014e-001
  9.4508801e-001
  9.3374635e-001
  9.0936539e-001
  8.7607029e-001
  8.3697707e-001
  7.9430831e-001
  7.4990600e-001
  7.0608928e-001
  6.6647092e-001
  6.3603189e-001
  6.1895106e-001
  6.1460389e-001
  6.1713910e-001
  6.2015410e-001
  6.2013704e-001
  6.1630773e-001
  6.0934542e-001
  6.0035826e-001
  5.9015504e-001
  5.7880688e-001
  5.6575808e-001
  5.5065939e-001
  5.3446550e-001
  5.2029779e-001
  5.1440059e-001
  5.2676973e-001
  5.6835392e-001
  6.4391624e-001
  7.4642026e-001
  8.5362492e-001
  9.3190169e-001
  9.5839395e-001
  9.3565212e-001
  8.8157522e-001
  8.1643775e-001
  7.5841207e-001
  7.2509280e-001
  7.3482166e-001
  7.9560285e-001
  8.8655296e-001
  9.7246504e-001
  1.0333551e+000
  1.0661150e+000
  1.0746946e+000
  1.0644040e+000
  1.0399668e+000
  1.0051144e+000
  9.6278167e-001
  9.1560493e-001
  8.6661220e-001
  8.2019557e-001
  7.8367647e-001
  7.6870431e-001
  7.8815720e-001
  8.4610942e-001
  9.2901436e-001
  1.0080436e+000
  1.0617063e+000
  1.0912829e+000
  1.1094533e+000
  1.1278822e+000
  1.1530377e+000
  1.1857251e+000
  1.2222538e+000
  1.2567743e+000
  1.2837893e+000
  1.2998700e+000
  1.3043973e+000
  1.2995583e+000
  1.2895677e+000
  1.2788537e+000
  1.2700637e+000
  1.2635627e+000
  1.2583761e+000
  1.2532428e+000
  1.2471747e+000
  1.2396147e+000
  1.2303512e+000
  1.2192895e+000
  1.2062271e+000
  1.1908399e+000
  1.1729962e+000
  1.1533211e+000
  1.1339587e+000
  1.1194599e+000
  1.1169748e+000
  1.1340094e+000
  1.1717410e+000
  1.2122973e+000
  1.2265470e+000
  1.2185103e+000
  1.2161294e+000
  1.2342287e+000
  1.2645585e+000
  1.2913098e+000
  1.3087768e+000
  1.3227175e+000
  1.3400577e+000
  1.3497923e+000
  1.3253077e+000
  1.2641051e+000
  1.1866621e+000
  1.1118670e+000
  1.0516076e+000
  1.0131555e+000
  1.0007114e+000
  1.0149857e+000
  1.0517363e+000
  1.1016059e+000
  1.1533015e+000
  1.1986327e+000
  1.2356892e+000
  1.2675151e+000
  1.2937462e+000
  1.2980344e+000
  1.2604952e+000
  1.1902858e+000
  1.1092333e+000
  1.0293214e+000
  9.5278551e-001
  8.7748468e-001
  8.0139424e-001
  7.2489933e-001
  6.5042606e-001
  5.8083095e-001
  5.1830152e-001
  4.6411821e-001
  4.1878132e-001
  3.8209692e-001
  3.5320108e-001
  3.3075627e-001
  3.1336503e-001
  2.9992917e-001
  2.8977208e-001
  2.8258080e-001
  2.7828675e-001
  2.7696337e-001
  2.7878263e-001
  2.8404510e-001
  2.9325101e-001
  3.0711491e-001
  3.2637556e-001
  3.5118958e-001
  3.7988968e-001
  4.0744936e-001
  4.2549338e-001
  4.2657522e-001
  4.1197508e-001
  3.9226650e-001
  3.7642125e-001
  3.6477475e-001
  3.5161422e-001
  3.3342021e-001
  3.1186438e-001
  2.8993465e-001
  2.6906800e-001
  2.4907964e-001
  2.3037533e-001
  2.1630210e-001
  2.1301248e-001
  2.2883994e-001
  2.7186657e-001
  3.4288818e-001
  4.3081885e-001
  5.1804728e-001
  5.8779668e-001
  6.2758902e-001
  6.3330995e-001
  6.1140480e-001
  5.7328170e-001
  5.2832552e-001
  4.8181163e-001
  4.3653994e-001
  3.9596664e-001
  3.6646830e-001
  3.5751381e-001
  3.8049561e-001
  4.4382492e-001
  5.4487872e-001
  6.6714464e-001
  7.8705781e-001
  8.8530233e-001
  9.5324033e-001
  9.9119465e-001
  1.0038283e+000
  9.9697189e-001
  9.7622402e-001
  9.4644430e-001
  9.1156201e-001
  8.7452298e-001
  8.3737517e-001
  8.0146982e-001
  7.6769469e-001
  7.3666797e-001
  7.0886868e-001
  6.8471178e-001
  6.6459175e-001
  6.4892168e-001
  6.3818576e-001
  6.3299619e-001
  6.3410491e-001
  6.4226910e-001
  6.5781316e-001
  6.7978855e-001
  7.0506854e-001
  7.2846568e-001
  7.4501801e-001
  7.5307734e-001
  7.5444886e-001
  7.5164004e-001
  7.4542914e-001
  7.3500091e-001
  7.1972520e-001
  6.9996726e-001
  6.7666221e-001
  6.5067598e-001
  6.2274689e-001
  5.9423663e-001
  5.6796342e-001
  5.4871189e-001
  5.4316678e-001
  5.5808759e-001
  5.9684155e-001
  6.5712017e-001
  7.3127499e-001
  8.0845669e-001
  8.7814775e-001
  9.3298579e-001
  9.6939934e-001
  9.8707588e-001
  9.8776351e-001
  9.7411290e-001
  9.4939438e-001
  9.1809424e-001
  8.8668305e-001
  8.6404547e-001
  8.6073337e-001
  8.8587389e-001
  9.4173215e-001
  1.0154113e+000
  1.0760779e+000
  1.1012157e+000
  1.0968458e+000
  1.0808375e+000
  1.0680865e+000
  1.0676635e+000
  1.0831152e+000
  1.1129923e+000
  1.1521574e+000
  1.1940602e+000
  1.2329514e+000
  1.2650524e+000
  1.2886442e+000
  1.3035994e+000
  1.3108138e+000
  1.3117492e+000
  1.3081295e+000
  1.3017685e+000
  1.2944913e+000
  1.2881045e+000
  1.2843530e+000
  1.2847663e+000
  1.2902934e+000
  1.3007717e+000
  1.3146731e+000
  1.3297135e+000
  1.3439815e+000
  1.3564546e+000
  1.3667624e+000
  1.3747471e+000
  1.3800995e+000
  1.3822222e+000
  1.3803389e+000
  1.3737135e+000
  1.3618124e+000
  1.3443711e+000
  1.3215442e+000
  1.2942578e+000
  1.2646725e+000
  1.2365940e+000
  1.2154018e+000
  1.2069243e+000
  1.2152158e+000
  1.2394341e+000
  1.2703847e+000
  1.2917362e+000
  1.2911807e+000
  1.2698624e+000
  1.2382752e+000
  1.2081060e+000
  1.1883471e+000
  1.1841119e+000
  1.1957298e+000
  1.2186747e+000
  1.2459391e+000
  1.2712895e+000
  1.2886985e+000
  1.2860664e+000
  1.2458869e+000
  1.1705018e+000
  1.0855047e+000
  1.0117483e+000
  9.5705674e-001
  9.1932944e-001