  1.2962621e+000
  1.2932872e+000
  1.2836194e+000
  1.2748488e+000
  1.2746156e+000
  1.2879229e+000
  1.3107598e+000
  1.3224599e+000
  1.2967685e+000
  1.2303797e+000
  1.1406859e+000
  1.0453740e+000
  9.5549283e-001
  8.7697468e-001
  8.1290969e-001
  7.6490803e-001
  7.3362293e-001
  7.1851760e-001
  7.1677752e-001
  7.2170241e-001
  7.2228590e-001
  7.0649591e-001
  6.6997839e-001
  6.2251408e-001
  5.7775558e-001
  5.4039894e-001
  5.0596812e-001
  4.6920571e-001
  4.3036772e-001
  3.9286934e-001
  3.5966532e-001
  3.3233400e-001
  3.1111604e-001
  2.9481224e-001
  2.8080794e-001
  2.6615894e-001
  2.4996159e-001
  2.3506106e-001
  2.2777739e-001
  2.3831102e-001
  2.8188351e-001
  3.7158861e-001
  4.9989345e-001
  6.3872706e-001
  7.6431413e-001
  8.6814626e-001
  9.5159014e-001
  1.0195003e+000
  1.0766058e+000
  1.1256643e+000
  1.1668399e+000
  1.1978362e+000
  1.2149594e+000
  1.2165998e+000
  1.2051496e+000
  1.1842909e+000
  1.1560122e+000
  1.1206677e+000
  1.0787882e+000
  1.0318881e+000
  9.8213578e-001
  9.3181888e-001
  8.8289993e-001
  8.3661193e-001
  7.9315943e-001
  7.5185626e-001
  7.1196916e-001
  6.7388150e-001
  6.4000651e-001
  6.1574746e-001
  6.1043132e-001
  6.3534089e-001
  6.9657897e-001
  7.8817063e-001
  8.8833525e-001
  9.6421091e-001
  9.9403901e-001
  9.7900004e-001
  9.3208722e-001
  8.6697899e-001
  7.9451028e-001
  7.2262106e-001
  6.5702714e-001
  6.0160773e-001
  5.5876108e-001
  5.3012237e-001
  5.1756014e-001
  5.2389218e-001
  5.5252561e-001
  6.0560508e-001
  6.8120153e-001
  7.7181929e-001
  8.6651939e-001
  9.5519617e-001
  1.0312547e+000
  1.0915808e+000
  1.1354298e+000
  1.1636989e+000
  1.1788594e+000
  1.1853662e+000
  1.1902171e+000
  1.2023237e+000
  1.2281523e+000
  1.2607139e+000
  1.2721857e+000
  1.2490974e+000
  1.2148070e+000
  1.1969169e+000
  1.2074202e+000
  1.2381087e+000
  1.2694325e+000
  1.2868593e+000
  1.2864504e+000
  1.2709417e+000
  1.2455199e+000
  1.2158384e+000
  1.1875249e+000
  1.1662827e+000
  1.1578575e+000
  1.1671016e+000
  1.1950134e+000
  1.2323952e+000
  1.2547192e+000
  1.2364840e+000
  1.1759514e+000
  1.0901244e+000
  9.9628159e-001
  9.0544578e-001
  8.2327828e-001
  7.5165642e-001
  6.8926935e-001
  6.3211160e-001
  5.7596038e-001
  5.2096356e-001
  4.7291784e-001
  4.3813735e-001
  4.1782722e-001
  4.0536977e-001
  3.9077383e-001
  3.6977164e-001
  3.4503578e-001
  3.2100267e-001
  3.0111679e-001
  2.8776108e-001
  2.8261484e-001
  2.8657419e-001
  2.9909254e-001
  3.1721757e-001
  3.3519170e-001
  3.4584780e-001
  3.4436325e-001
  3.3229079e-001
  3.1748636e-001
  3.1101845e-001
  3.2711456e-001
  3.8323820e-001
  4.8731321e-001
  6.1967693e-001
  7.4759070e-001
  8.5167736e-001
  9.2743035e-001
  9.7642186e-001
  1.0014016e+000
  1.0059359e+000
  9.9531844e-001
  9.7602436e-001
  9.5369489e-001
  9.3089350e-001
  9.0686363e-001
  8.7989422e-001
  8.4943055e-001
  8.1634946e-001
  7.8243181e-001
  7.4990415e-001
  7.2114771e-001
  6.9840824e-001
  6.8333276e-001
  6.7629220e-001
  6.7574213e-001
  6.7820307e-001
  6.7944494e-001
  6.7660696e-001
  6.6982752e-001
  6.6277064e-001
  6.6311832e-001
  6.8258473e-001
  7.3238259e-001
  8.1339794e-001
  9.0808367e-001
  9.8513352e-001
  1.0253762e+000
  1.0342030e+000
  1.0276701e+000
  1.0203165e+000
  1.0212997e+000
  1.0339853e+000
  1.0573383e+000
  1.0886391e+000
  1.1254428e+000
  1.1654735e+000
  1.2057925e+000
  1.2428536e+000
  1.2734810e+000
  1.2958763e+000
  1.3100041e+000
  1.3173372e+000
  1.3202270e+000
  1.3211257e+000
  1.3218320e+000
  1.3230030e+000
  1.3241861e+000
  1.3243773e+000
  1.3228204e+000
  1.3198754e+000
  1.3179619e+000
  1.3218610e+000
  1.3354446e+000
  1.3505836e+000
  1.3403769e+000
  1.2935849e+000
  1.2311568e+000
  1.1739421e+000
  1.1298451e+000
  1.0967299e+000
  1.0673785e+000
  1.0339041e+000
  9.9073770e-001
  9.3581040e-001
  8.7025650e-001
  7.9748933e-001
  7.2200191e-001
  6.4807417e-001
  5.7889910e-001
  5.1637417e-001
  4.6131417e-001
  4.1375814e-001
  3.7321957e-001
  3.3888263e-001
  3.0979678e-001
  2.8507864e-001
  2.6406150e-001
  2.4632950e-001
  2.3162987e-001
  2.1966993e-001
  2.0978963e-001
  2.0069498e-001
  1.9100081e-001
  1.8114579e-001
  1.7479599e-001
  1.7754768e-001
  1.9451202e-001
  2.2756265e-001
  2.7419580e-001
  3.3048510e-001
  3.9517987e-001
  4.7109455e-001
  5.6280997e-001
  6.7067051e-001
  7.8457551e-001
  8.8687030e-001
  9.6376548e-001
  1.0110521e+000
  1.0312655e+000
  1.0295210e+000
  1.0112208e+000
  9.8118017e-001
  9.4337302e-001
  9.0091321e-001
  8.5613840e-001
  8.1075349e-001
  7.6599740e-001
  7.2279129e-001
  6.8183283e-001
  6.4360812e-001
  6.0829887e-001
  5.7564388e-001
  5.4504346e-001
  5.1624276e-001
  4.9024274e-001
  4.6962646e-001
  4.5806972e-001
  4.5910245e-001
  4.7486007e-001
  5.0600524e-001
  5.5283883e-001
  6.1649907e-001
  6.9875815e-001
  7.9778785e-001
  8.9738065e-001
  9.6627710e-001
  9.9022734e-001
  9.8345686e-001
  9.6640974e-001
  9.5421039e-001
  9.5624313e-001
  9.7691235e-001
  1.0154951e+000
  1.0663979e+000
  1.1211464e+000
  1.1714723e+000
  1.2115962e+000
  1.2387919e+000
  1.2527661e+000
  1.2547054e+000
  1.2464508e+000
  1.2299097e+000
  1.2067485e+000
  1.1784531e+000
  1.1467044e+000
  1.1138007e+000
  1.0828475e+000
  1.0575280e+000
  1.0415563e+000
  1.0382147e+000
  1.0502229e+000
  1.0795330e+000
  1.1250378e+000
  1.1735545e+000
  1.1957373e+000
  1.1839333e+000
  1.1617689e+000
  1.1478323e+000
  1.1458168e+000
  1.1501507e+000
  1.1515870e+000
  1.1396094e+000
  1.1046916e+000
  1.0436869e+000
  9.6290958e-001
  8.7336162e-001
  7.8449854e-001
  7.0222063e-001
  6.2961690e-001
  5.6815104e-001
  5.1853240e-001
  4.8126664e-001
  4.5699454e-001
  4.4662540e-001
  4.5112619e-001
  4.7078315e-001
  5.0403101e-001
  5.4656203e-001
  5.9151971e-001
  6.3055839e-001
  6.5494758e-001
  6.5714849e-001
  6.3486430e-001
  5.9633725e-001
  5.5718250e-001
  5.2877938e-001
